9 0.0260181 0.104649
9.01 0.0278592 0.11384
9.02 0.0298552 0.123906
9.03 0.0320226 0.134946
9.04 0.0343798 0.147069
9.05 0.0369477 0.160403
9.06 0.0397502 0.175091
9.07 0.0428145 0.191299
9.08 0.0461717 0.209217
9.09 0.0498576 0.229061
9.1 0.0539134 0.251086
9.11 0.0583867 0.275585
9.12 0.0633331 0.302899
9.13 0.0688173 0.33343
9.14 0.074915 0.367648
9.15 0.0817158 0.40611
9.16 0.0893254 0.449477
9.17 0.09787 0.49854
9.18 0.107501 0.554247
9.19 0.118399 0.617748
9.2 0.130787 0.69044
9.21 0.144935 0.774039
9.22 0.161177 0.870665
9.23 0.179926 0.982963
9.24 0.201704 1.11426
9.25 0.227172 1.2688
9.26 0.257175 1.45202
9.27 0.292816 1.67103
9.28 0.335543 1.93519
9.29 0.387292 2.25706
9.3 0.4507 2.65378
9.31 0.529417 3.14915
9.32 0.628618 3.77701
9.33 0.755815 4.58658
9.34 0.922226 5.6516
9.35 1.14516 7.0862
9.36 1.45239 9.07382
9.37 1.89044 11.923
9.38 2.54159 16.1806
9.39 3.56064 22.8791
9.4 5.26012 34.11
9.41 8.31712 54.424
9.42 14.2325 93.9697
9.43 25.4612 169.602
9.44 37.8801 254.546
9.45 32.4736 220.115
9.46 19.3576 132.341
9.47 11.3343 78.1489
9.48 7.15482 49.7476
9.49 4.86448 34.105
9.5 3.50909 24.8055
9.51 2.65021 18.8872
9.52 2.0746 14.9046
9.53 1.67095 12.1008
9.54 1.37725 10.0529
9.55 1.15694 8.51109
9.56 0.98742 7.32048
9.57 0.854148 6.38117
9.58 0.747426 5.62643
9.59 0.660594 5.01032
9.6 0.588959 4.5004
9.61 0.529136 4.07322
9.62 0.478636 3.71151
9.63 0.435593 3.40229
9.64 0.398589 3.13568
9.65 0.366527 2.90402
9.66 0.338552 2.70134
9.67 0.313985 2.52287
9.68 0.292285 2.36481
9.69 0.273013 2.22409
9.7 0.255814 2.09819
9.71 0.240394 1.98504
9.72 0.226511 1.88294
9.73 0.213962 1.79044
9.74 0.202578 1.70634
9.75 0.192215 1.62962
9.76 0.182752 1.55942
9.77 0.174085 1.495
9.78 0.166124 1.43572
9.79 0.158794 1.38102
9.8 0.152026 1.33044
9.81 0.145763 1.28355
9.82 0.139956 1.24
9.83 0.134558 1.19946
9.84 0.129532 1.16165
9.85 0.124844 1.12633
9.86 0.120461 1.09327
9.87 0.116359 1.06228
9.88 0.112511 1.03318
9.89 0.108898 1.00583
9.9 0.1055 0.980064
9.91 0.102299 0.955774
9.92 0.0992799 0.932843
9.93 0.0964289 0.911167
9.94 0.0937331 0.890654
9.95 0.0911811 0.871219
9.96 0.0887625 0.852788
9.97 0.0864677 0.835288
9.98 0.0842883 0.818658
9.99 0.0822162 0.802839
10 0.0802442 0.787778
10.01 0.0783659 0.773426
10.02 0.0765751 0.759739
10.03 0.0748662 0.746674
10.04 0.0732342 0.734195
10.05 0.0716743 0.722266
10.06 0.0701822 0.710854
10.07 0.0687538 0.699931
10.08 0.0673855 0.689467
10.09 0.0660738 0.679438
10.1 0.0648154 0.669819
10.11 0.0636075 0.660588
10.12 0.0624472 0.651725
10.13 0.061332 0.64321
10.14 0.0602595 0.635024
10.15 0.0592274 0.627153
10.16 0.0582338 0.619578
10.17 0.0572765 0.612287
10.18 0.0563538 0.605265
10.19 0.055464 0.598499
10.2 0.0546055 0.591977
10.21 0.0537768 0.585688
10.22 0.0529764 0.57962
10.23 0.052203 0.573765
10.24 0.0514555 0.568112
10.25 0.0507325 0.562652
10.26 0.0500331 0.557378
10.27 0.0493561 0.55228
10.28 0.0487006 0.547352
10.29 0.0480657 0.542586
10.3 0.0474504 0.537977
10.31 0.0468539 0.533516
10.32 0.0462755 0.529199
10.33 0.0457145 0.525019
10.34 0.04517 0.520972
10.35 0.0446414 0.517051
10.36 0.0441281 0.513253
10.37 0.0436296 0.509572
10.38 0.0431451 0.506004
10.39 0.0426743 0.502545
10.4 0.0422165 0.499191
10.41 0.0417713 0.495939
10.42 0.0413381 0.492783
10.43 0.0409167 0.489722
10.44 0.0405065 0.486751
10.45 0.0401071 0.483868
10.46 0.0397181 0.481069
10.47 0.0393392 0.478353
10.48 0.0389701 0.475715
10.49 0.0386103 0.473153
10.5 0.0382596 0.470665
10.51 0.0379176 0.468249
10.52 0.0375841 0.465902
10.53 0.0372588 0.463622
10.54 0.0369414 0.461406
10.55 0.0366317 0.459253
10.56 0.0363293 0.457162
10.57 0.0360342 0.455129
10.58 0.035746 0.453153
10.59 0.0354645 0.451233
10.6 0.0351895 0.449367
10.61 0.0349208 0.447553
10.62 0.0346583 0.44579
10.63 0.0344017 0.444076
10.64 0.0341509 0.44241
10.65 0.0339056 0.44079
10.66 0.0336658 0.439216
10.67 0.0334313 0.437685
10.68 0.0332018 0.436198
10.69 0.0329774 0.434752
10.7 0.0327578 0.433346
10.71 0.0325428 0.43198
10.72 0.0323324 0.430653
10.73 0.0321265 0.429362
10.74 0.0319248 0.428108
10.75 0.0317274 0.42689
10.76 0.031534 0.425706
10.77 0.0313447 0.424556
10.78 0.0311591 0.423438
10.79 0.0309774 0.422353
10.8 0.0307993 0.421298
10.81 0.0306248 0.420275
10.82 0.0304537 0.419281
10.83 0.0302861 0.418316
10.84 0.0301217 0.417379
10.85 0.0299606 0.41647
10.86 0.0298027 0.415588
10.87 0.0296477 0.414732
10.88 0.0294958 0.413902
10.89 0.0293468 0.413098
10.9 0.0292006 0.412318
10.91 0.0290572 0.411562
10.92 0.0289166 0.41083
10.93 0.0287785 0.41012
10.94 0.0286431 0.409433
10.95 0.0285102 0.408769
10.96 0.0283797 0.408126
10.97 0.0282517 0.407503
10.98 0.028126 0.406902
10.99 0.0280026 0.406321
11 0.0278815 0.405759
