9 0.02928 0.00614043
9.01 0.0323528 0.00667239
9.02 0.0377003 0.00764295
9.03 0.0420209 0.00838215
9.04 0.0478229 0.00940035
9.05 0.0556849 0.0107847
9.06 0.0650361 0.01241
9.07 0.0737952 0.0138899
9.08 0.0872374 0.0161882
9.09 0.100219 0.0184168
9.1 0.121218 0.0220006
9.11 0.138904 0.0250181
9.12 0.164558 0.0293501
9.13 0.190313 0.0336941
9.14 0.225316 0.0396208
9.15 0.259049 0.0452953
9.16 0.30407 0.0528482
9.17 0.360712 0.0623155
9.18 0.387712 0.0668811
9.19 0.48431 0.0830249
9.2 0.555798 0.0949153
9.21 0.62061 0.10579
9.22 0.702923 0.119474
9.23 0.807707 0.136937
9.24 0.940642 0.15902
9.25 0.98529 0.166453
9.26 1.14017 0.192135
9.27 1.24448 0.209493
9.28 1.3909 0.233671
9.29 1.57409 0.263979
9.3 1.64904 0.276341
9.31 1.8115 0.303093
9.32 1.91829 0.320749
9.33 2.16716 0.36183
9.34 2.21195 0.369268
9.35 2.4223 0.403797
9.36 2.52162 0.420064
9.37 2.68906 0.44738
9.38 2.69649 0.448509
9.39 2.96244 0.492139
9.4 2.98516 0.495688
9.41 3.05344 0.506424
9.42 3.17356 0.525897
9.43 3.13252 0.518766
9.44 3.19014 0.528115
9.45 3.09718 0.512104
9.46 3.11739 0.515249
9.47 3.03964 0.501882
9.48 3.07716 0.507809
9.49 2.94473 0.485544
9.5 2.87085 0.473057
9.51 2.80694 0.4623
9.52 2.73878 0.450768
9.53 2.64763 0.43514
9.54 2.35392 0.386354
9.55 2.27989 0.373964
9.56 2.13679 0.350064
9.57 1.9812 0.324294
9.58 1.86465 0.3046
9.59 1.65245 0.269571
9.6 1.55916 0.25421
9.61 1.40817 0.229092
9.62 1.29679 0.210687
9.63 1.13312 0.183665
9.64 1.06302 0.172097
9.65 0.926214 0.149518
9.66 0.859489 0.13843
9.67 0.740676 0.118889
9.68 0.647119 0.103537
9.69 0.560902 0.0894136
9.7 0.511354 0.0812162
9.71 0.448865 0.0709749
9.72 0.39547 0.0622781
9.73 0.343088 0.0536883
9.74 0.308745 0.0480644
9.75 0.268955 0.0416092
9.76 0.238009 0.0365947
9.77 0.208567 0.0317894
9.78 0.183614 0.0277305
9.79 0.164607 0.024637
9.8 0.145165 0.0215642
9.81 0.130006 0.0190824
9.82 0.117324 0.0170551
9.83 0.106345 0.0153195
9.84 0.0963831 0.0137448
9.85 0.0895022 0.0126217
9.86 0.0833648 0.0116462
9.87 0.0765637 0.0105952
9.88 0.0714014 0.0097921
9.89 0.0663553 0.00902103
9.9 0.0618917 0.00832871
9.91 0.0588626 0.00786423
9.92 0.0560517 0.00743055
9.93 0.0537823 0.00707454
9.94 0.050995 0.00666271
9.95 0.049314 0.00639822
9.96 0.046383 0.00597575
9.97 0.0459691 0.00588751
9.98 0.0430923 0.00548491
9.99 0.0417625 0.00529056
10 0.0406972 0.00512558
10.01 0.0394244 0.00493906
10.02 0.0377908 0.00470697
10.03 0.036848 0.00456647
10.04 0.0361167 0.00445192
10.05 0.0352123 0.0043231
10.06 0.0336351 0.00410638
10.07 0.0327867 0.0039835
10.08 0.0322383 0.00389905
10.09 0.0314041 0.00377871
10.1 0.0303272 0.00363268
10.11 0.0301448 0.00359363
10.12 0.0294698 0.00349765
10.13 0.0281016 0.00331992
10.14 0.0280561 0.00329919
10.15 0.0272638 0.00319681
10.16 0.0264971 0.00309116
10.17 0.0262805 0.00305406
10.18 0.0255056 0.00295123
10.19 0.0249327 0.00287178
10.2 0.0248358 0.00284923
10.21 0.0243034 0.00277699
10.22 0.0234654 0.00266955
10.23 0.023172 0.00262544
10.24 0.02282 0.00257561
10.25 0.0222422 0.00249894
10.26 0.0218301 0.00244566
10.27 0.0216052 0.00241017
10.28 0.0211306 0.00234817
10.29 0.0208349 0.00230474
10.3 0.0207587 0.00228902
10.31 0.0204672 0.00224866
10.32 0.0199917 0.00218778
10.33 0.0194946 0.00212445
10.34 0.0191207 0.00207746
10.35 0.019073 0.00206455
10.36 0.0190237 0.00205047
10.37 0.0183643 0.00197341
10.38 0.0184986 0.00198093
10.39 0.0182235 0.00194513
10.4 0.0177541 0.00188798
10.41 0.0173722 0.00184062
10.42 0.0171717 0.00181163
10.43 0.0169768 0.00178628
10.44 0.016713 0.00175265
10.45 0.0167392 0.00174837
10.46 0.0169607 0.00176553
10.47 0.0162927 0.00169104
10.48 0.0160532 0.0016603
10.49 0.0157749 0.00162671
10.5 0.0161219 0.00165658
10.51 0.0157111 0.00160905
10.52 0.0154773 0.00157972
10.53 0.015235 0.00155026
10.54 0.0150581 0.0015266
10.55 0.0148414 0.0014999
10.56 0.0145029 0.00146142
10.57 0.014362 0.00144278
10.58 0.0142697 0.00142903
10.59 0.0144251 0.00144011
10.6 0.0139807 0.00139179
10.61 0.0137953 0.00136898
10.62 0.0137369 0.00135811
10.63 0.0134917 0.0013295
10.64 0.0133508 0.00131253
10.65 0.0133554 0.001309
10.66 0.0134272 0.00131162
10.67 0.0131521 0.00128088
10.68 0.0130534 0.00126802
10.69 0.0130297 0.00126146
10.7 0.0128361 0.00123917
10.71 0.0127584 0.00122817
10.72 0.01255 0.00120445
10.73 0.012521 0.00119843
10.74 0.012355 0.00117928
10.75 0.0119793 0.00114002
10.76 0.012176 0.00115545
10.77 0.012354 0.00116913
10.78 0.0120975 0.00114159
10.79 0.0119294 0.00112225
10.8 0.0116743 0.00109591
10.81 0.0118225 0.00110642
10.82 0.0115821 0.00108109
10.83 0.0114202 0.00106327
10.84 0.0114202 0.00106016
10.85 0.0111993 0.00103699
10.86 0.01122 0.00103584
10.87 0.0112533 0.00103635
10.88 0.0109721 0.00100763
10.89 0.0109178 0.000999899
10.9 0.0109701 0.00100184
10.91 0.0106634 0.000971574
10.92 0.0106788 0.000970501
10.93 0.0106524 0.000965388
10.94 0.0106356 0.000961735
10.95 0.0105487 0.000950993
10.96 0.010592 0.000952962
10.97 0.0105795 0.000949152
10.98 0.010121 0.00090584
10.99 0.0102189 0.000912674
11 0.0102289 0.000911107
