9 0.0163935 0.00389282
9.01 0.0173609 0.00407573
9.02 0.0186679 0.0043373
9.03 0.020016 0.00459703
9.04 0.0212167 0.00481808
9.05 0.0233594 0.00525505
9.06 0.0251059 0.00558065
9.07 0.0273021 0.00600174
9.08 0.0299516 0.00652002
9.09 0.0314295 0.00676835
9.1 0.0338316 0.0072082
9.11 0.0380734 0.00803024
9.12 0.0411017 0.00857225
9.13 0.045056 0.00930769
9.14 0.0495744 0.0101409
9.15 0.0549135 0.0111106
9.16 0.0593536 0.0118959
9.17 0.0669169 0.0132711
9.18 0.0771655 0.0151459
9.19 0.0867368 0.0168237
9.2 0.0987323 0.0189437
9.21 0.111281 0.021083
9.22 0.135978 0.0254763
9.23 0.155328 0.0287635
9.24 0.190704 0.0348558
9.25 0.230826 0.0417104
9.26 0.283337 0.0506259
9.27 0.36523 0.0644619
9.28 0.448741 0.0785751
9.29 0.573839 0.0996052
9.3 0.716563 0.12352
9.31 0.927833 0.158876
9.32 1.18886 0.202553
9.33 1.50802 0.255653
9.34 1.87313 0.316261
9.35 2.2275 0.375104
9.36 2.6277 0.441256
9.37 3.10825 0.520847
9.38 3.6154 0.604259
9.39 3.96182 0.661117
9.4 4.50601 0.750636
9.41 5.1024 0.848523
9.42 5.2989 0.879978
9.43 5.41537 0.898343
9.44 5.41817 0.897263
9.45 5.80944 0.960887
9.46 5.62428 0.928808
9.47 5.25408 0.866459
9.48 4.88168 0.803717
9.49 4.5823 0.753068
9.5 4.17431 0.684834
9.51 3.53182 0.578355
9.52 2.95414 0.482472
9.53 2.624 0.427733
9.54 2.16065 0.351139
9.55 1.8016 0.291671
9.56 1.44496 0.232867
9.57 1.15569 0.185221
9.58 0.935187 0.149018
9.59 0.751567 0.119068
9.6 0.640197 0.100739
9.61 0.507429 0.0791865
9.62 0.412074 0.0637131
9.63 0.353015 0.0541053
9.64 0.290785 0.0441597
9.65 0.252791 0.0380054
9.66 0.223216 0.0332703
9.67 0.197463 0.0291875
9.68 0.176211 0.0258338
9.69 0.159602 0.0232252
9.7 0.143207 0.0207034
9.71 0.134561 0.0193017
9.72 0.124015 0.0176781
9.73 0.113058 0.0160121
9.74 0.105277 0.0148191
9.75 0.101291 0.0141641
9.76 0.0940381 0.0130782
9.77 0.0906186 0.0125184
9.78 0.0861547 0.0118422
9.79 0.0792383 0.010838
9.8 0.0766175 0.0104194
9.81 0.0732852 0.00991274
9.82 0.0680656 0.00915445
9.83 0.0661117 0.00884286
9.84 0.0632392 0.00841709
9.85 0.0612863 0.00811747
9.86 0.0582099 0.00767335
9.87 0.0555538 0.00728419
9.88 0.0526817 0.00686747
9.89 0.0510726 0.00662978
9.9 0.0503871 0.0065071
9.91 0.048916 0.00628508
9.92 0.0455106 0.00582191
9.93 0.0456312 0.00581052
9.94 0.0427135 0.00541189
9.95 0.0417413 0.00526529
9.96 0.0406675 0.00510434
9.97 0.0390132 0.00487566
9.98 0.0393446 0.00489318
9.99 0.0370452 0.00458789
10 0.0361352 0.0044553
10.01 0.0360057 0.00441814
10.02 0.0345225 0.00421789
10.03 0.0337255 0.00410335
10.04 0.033728 0.00408549
10.05 0.0326395 0.00393653
10.06 0.0318192 0.00382276
10.07 0.0309846 0.00370596
10.08 0.0293813 0.00349826
10.09 0.0298359 0.00353906
10.1 0.0285963 0.00337657
10.11 0.0274516 0.0032272
10.12 0.0270968 0.00317428
10.13 0.0272498 0.00317882
10.14 0.0261631 0.00303916
10.15 0.0258173 0.0029889
10.16 0.0249394 0.00287621
10.17 0.0250778 0.0028809
10.18 0.02456 0.002809
10.19 0.024079 0.00274336
10.2 0.0238446 0.00270453
10.21 0.0227543 0.00257295
10.22 0.0225617 0.00254179
10.23 0.0223244 0.00250495
10.24 0.0218769 0.00244553
10.25 0.0213715 0.00238071
10.26 0.0209811 0.0023277
10.27 0.0205734 0.00227406
10.28 0.0205305 0.00226162
10.29 0.0201534 0.00221199
10.3 0.0201563 0.00220456
10.31 0.0199165 0.00216962
10.32 0.0195074 0.00211733
10.33 0.0188615 0.00203967
10.34 0.0189206 0.00203879
10.35 0.0181972 0.00195426
10.36 0.0183842 0.00196767
10.37 0.0178228 0.00190076
10.38 0.0177053 0.00188198
10.39 0.0180024 0.00190671
10.4 0.0172898 0.00182533
10.41 0.0169199 0.00178014
10.42 0.0168721 0.00176879
10.43 0.0167813 0.001754
10.44 0.0162623 0.00169361
10.45 0.0160964 0.00167035
10.46 0.0158123 0.00163609
10.47 0.0158609 0.00163598
10.48 0.0153405 0.00157683
10.49 0.0157437 0.00161325
10.5 0.0151981 0.00155285
10.51 0.0150379 0.00153136
10.52 0.0149547 0.00151745
10.53 0.0148385 0.00150079
10.54 0.014607 0.00147332
10.55 0.0144831 0.00145602
10.56 0.0144752 0.00145155
10.57 0.0142724 0.00142629
10.58 0.0137995 0.00137499
10.59 0.0142623 0.00141678
10.6 0.0139475 0.00138109
10.61 0.0136371 0.00134677
10.62 0.0133535 0.00131435
10.63 0.0134683 0.00132159
10.64 0.0133169 0.001303
10.65 0.0131877 0.00128662
10.66 0.0130979 0.00127424
10.67 0.0129633 0.0012576
10.68 0.0126631 0.00122459
10.69 0.0129535 0.00124916
10.7 0.0126667 0.00121801
10.71 0.0126215 0.00120996
10.72 0.0120204 0.0011495
10.73 0.0120997 0.00115356
10.74 0.0122007 0.00116038
10.75 0.0122018 0.00115684
10.76 0.011587 0.00109542
10.77 0.0116513 0.00109863
10.78 0.0116777 0.00109799
10.79 0.0116813 0.00109539
10.8 0.0113641 0.00106273
10.81 0.011727 0.00109358
10.82 0.011336 0.00105425
10.83 0.0114232 0.00105968
10.84 0.0110375 0.0010211
10.85 0.0111948 0.00103284
10.86 0.0107643 0.000990598
10.87 0.0108657 0.000997156
10.88 0.0108255 0.000990986
10.89 0.0106705 0.000974255
10.9 0.010673 0.0009723
10.91 0.0105484 0.000958138
10.92 0.0102106 0.000924741
10.93 0.0105591 0.000954259
10.94 0.0105149 0.000947906
10.95 0.0102511 0.000921901
10.96 0.0104702 0.000938849
10.97 0.0101738 0.000910321
10.98 0.0103845 0.000926626
10.99 0.0102887 0.000915913
11 0.00987196 0.00087657
