9 0.0293509 0.122796
9.01 0.0311883 0.132674
9.02 0.0339368 0.14663
9.03 0.0359171 0.157669
9.04 0.0377978 0.168192
9.05 0.0411914 0.186001
9.06 0.0465925 0.213827
9.07 0.0487282 0.226807
9.08 0.0537504 0.253321
9.09 0.0579593 0.276985
9.1 0.0633875 0.307773
9.11 0.0687713 0.338892
9.12 0.0764745 0.381756
9.13 0.0835255 0.422837
9.14 0.0919597 0.471295
9.15 0.101899 0.529505
9.16 0.113605 0.599613
9.17 0.127279 0.680205
9.18 0.145192 0.786879
9.19 0.161479 0.88967
9.2 0.184311 1.03002
9.21 0.214111 1.21438
9.22 0.251923 1.45393
9.23 0.29992 1.75477
9.24 0.359383 2.1397
9.25 0.449458 2.72003
9.26 0.557805 3.42461
9.27 0.695076 4.32037
9.28 0.876112 5.50889
9.29 1.11959 7.11598
9.3 1.45299 9.32173
9.31 1.87826 12.1573
9.32 2.3034 14.9868
9.33 2.98338 19.5251
9.34 3.67604 24.1622
9.35 4.49632 29.6592
9.36 5.30604 35.1362
9.37 6.27369 41.6755
9.38 7.20207 47.9566
9.39 8.42345 56.2083
9.4 8.96021 59.8702
9.41 9.89573 66.2902
9.42 10.6585 71.5716
9.43 10.9896 73.9207
9.44 11.568 77.9329
9.45 11.0269 74.4327
9.46 10.8398 73.2689
9.47 10.4973 71.1076
9.48 9.24105 62.7313
9.49 8.83811 60.1233
9.5 8.1073 55.2656
9.51 6.8725 46.9856
9.52 5.95044 40.8131
9.53 5.00909 34.4726
9.54 4.28651 29.6374
9.55 3.55141 24.6577
9.56 2.94669 20.5712
9.57 2.38356 16.7529
9.58 1.90847 13.5094
9.59 1.53379 10.9489
9.6 1.23801 8.93042
9.61 1.04094 7.5896
9.62 0.855804 6.31147
9.63 0.714899 5.33537
9.64 0.616498 4.65522
9.65 0.525686 4.01364
9.66 0.458186 3.53621
9.67 0.40616 3.16937
9.68 0.370776 2.92291
9.69 0.346554 2.75851
9.7 0.307048 2.46714
9.71 0.281283 2.27828
9.72 0.255491 2.086
9.73 0.247198 2.03509
9.74 0.227441 1.88591
9.75 0.214026 1.7879
9.76 0.202361 1.7023
9.77 0.189861 1.60938
9.78 0.179849 1.53567
9.79 0.16806 1.44464
9.8 0.163406 1.41416
9.81 0.154366 1.34511
9.82 0.151707 1.33007
9.83 0.142813 1.26004
9.84 0.136819 1.2152
9.85 0.132591 1.18541
9.86 0.12892 1.16084
9.87 0.119809 1.08446
9.88 0.120013 1.09303
9.89 0.114034 1.04632
9.9 0.109214 1.00692
9.91 0.106699 0.990419
9.92 0.102587 0.957773
9.93 0.0998114 0.937214
9.94 0.0953814 0.900914
9.95 0.0959861 0.912151
9.96 0.0902126 0.861696
9.97 0.0881861 0.847264
9.98 0.0852475 0.823879
9.99 0.0840223 0.816184
10 0.0823592 0.804367
10.01 0.0803051 0.788871
10.02 0.0774233 0.764769
10.03 0.07685 0.762477
10.04 0.074933 0.747576
10.05 0.0736474 0.738917
10.06 0.0736361 0.743179
10.07 0.0707542 0.717393
10.08 0.0694266 0.707574
10.09 0.0665512 0.681618
10.1 0.0652571 0.671949
10.11 0.0645993 0.668332
10.12 0.0637851 0.663497
10.13 0.062223 0.650367
10.14 0.0608794 0.639742
10.15 0.0611636 0.645512
10.16 0.0584252 0.619692
10.17 0.0561527 0.598354
10.18 0.056121 0.600944
10.19 0.0579946 0.624197
10.2 0.0547527 0.59188
10.21 0.0553067 0.60078
10.22 0.0547636 0.597634
10.23 0.0526311 0.576756
10.24 0.0511655 0.563707
10.25 0.0529523 0.585972
10.26 0.0494326 0.549223
10.27 0.0507472 0.566459
10.28 0.0492344 0.551929
10.29 0.0495901 0.558602
10.3 0.0475246 0.537538
10.31 0.0471813 0.535766
10.32 0.0467065 0.533124
10.33 0.0471615 0.540354
10.34 0.0455705 0.524501
10.35 0.045747 0.528734
10.36 0.0446775 0.518608
10.37 0.0441606 0.51481
10.38 0.0436217 0.510436
10.39 0.0431286 0.507132
10.4 0.0423516 0.499807
10.41 0.0424408 0.502961
10.42 0.041493 0.493734
10.43 0.0412851 0.493125
10.44 0.0402228 0.482416
10.45 0.0415494 0.500275
10.46 0.0402263 0.486428
10.47 0.0394542 0.479022
10.48 0.0383704 0.467814
10.49 0.0388443 0.475249
10.5 0.0381813 0.469061
10.51 0.0381285 0.470224
10.52 0.0386541 0.478336
10.53 0.0370948 0.460787
10.54 0.0364935 0.455198
10.55 0.0366482 0.458866
10.56 0.0369444 0.464327
10.57 0.0365518 0.461121
10.58 0.0361369 0.45759
10.59 0.0360249 0.458003
10.6 0.0359919 0.459042
10.61 0.0349862 0.447776
10.62 0.0350507 0.450507
10.63 0.0346833 0.447206
10.64 0.0347282 0.44951
10.65 0.0335071 0.435262
10.66 0.0339056 0.441757
10.67 0.0336796 0.440444
10.68 0.0334659 0.439276
10.69 0.0331187 0.436257
10.7 0.0330672 0.437018
10.71 0.0327992 0.435049
10.72 0.0328286 0.436909
10.73 0.0321023 0.428575
10.74 0.0319961 0.428658
10.75 0.031152 0.418868
10.76 0.0325444 0.439027
10.77 0.0313334 0.42412
10.78 0.0316138 0.429159
10.79 0.0318035 0.433286
10.8 0.0308743 0.421953
10.81 0.0309137 0.423939
10.82 0.0299168 0.411364
10.83 0.0308923 0.426389
10.84 0.0300475 0.41601
10.85 0.029732 0.413032
10.86 0.0300664 0.418975
10.87 0.0294397 0.411581
10.88 0.0293158 0.411182
10.89 0.0290032 0.408051
10.9 0.029742 0.419568
10.91 0.0298045 0.421835
10.92 0.0297071 0.421772
10.93 0.0289855 0.412836
10.94 0.0290139 0.414454
10.95 0.0280969 0.402698
10.96 0.0285216 0.409865
10.97 0.0284856 0.410802
10.98 0.0287284 0.415413
10.99 0.0279966 0.406041
11 0.0279256 0.406103
