9 0.054787 0.28096
9.01 0.0623256 0.326746
9.02 0.0703854 0.376922
9.03 0.0803704 0.43943
9.04 0.0925817 0.515819
9.05 0.105542 0.598023
9.06 0.123099 0.710671
9.07 0.143484 0.838798
9.08 0.168514 1.00152
9.09 0.196885 1.18405
9.1 0.228143 1.38641
9.11 0.273674 1.68406
9.12 0.318371 1.97716
9.13 0.372111 2.33345
9.14 0.430829 2.71324
9.15 0.507501 3.21962
9.16 0.607492 3.8814
9.17 0.694306 4.45571
9.18 0.797695 5.13727
9.19 0.898338 5.80862
9.2 1.07525 6.98641
9.21 1.22267 7.97025
9.22 1.45268 9.50988
9.23 1.54152 10.1033
9.24 1.81035 11.9024
9.25 2.0031 13.1905
9.26 2.23906 14.7801
9.27 2.53686 16.7759
9.28 2.75628 18.2602
9.29 3.00351 19.9218
9.3 3.27929 21.7842
9.31 3.62753 24.1392
9.32 4.03618 26.9098
9.33 4.20183 28.0323
9.34 4.67206 31.1956
9.35 4.63094 30.9593
9.36 5.07648 33.9771
9.37 5.17551 34.6705
9.38 5.64768 37.8856
9.39 5.79803 38.9051
9.4 5.91044 39.711
9.41 6.17279 41.5271
9.42 6.28645 42.3333
9.43 6.09787 41.1039
9.44 6.23624 42.08
9.45 6.26968 42.3116
9.46 6.29123 42.5085
9.47 5.90928 39.9698
9.48 6.30001 42.655
9.49 5.81234 39.4041
9.5 5.70366 38.7166
9.51 5.46475 37.1273
9.52 5.47307 37.2153
9.53 4.89738 33.3737
9.54 4.7957 32.7113
9.55 4.50783 30.7782
9.56 4.23852 28.9933
9.57 3.9852 27.293
9.58 3.60051 24.7094
9.59 3.38616 23.2662
9.6 3.18328 21.9049
9.61 2.80364 19.3552
9.62 2.59196 17.9404
9.63 2.26768 15.7381
9.64 2.12547 14.7874
9.65 1.85656 12.9861
9.66 1.69364 11.8795
9.67 1.50268 10.5675
9.68 1.29788 9.17918
9.69 1.16629 8.29442
9.7 1.03534 7.40329
9.71 0.902933 6.50461
9.72 0.805189 5.83707
9.73 0.706011 5.16402
9.74 0.625681 4.60979
9.75 0.560647 4.16379
9.76 0.485827 3.64242
9.77 0.431519 3.26928
9.78 0.384054 2.94422
9.79 0.338732 2.62917
9.8 0.300277 2.36134
9.81 0.272381 2.16878
9.82 0.246036 1.98465
9.83 0.223675 1.82541
9.84 0.204866 1.69352
9.85 0.1896 1.58934
9.86 0.174363 1.47569
9.87 0.16451 1.40986
9.88 0.151922 1.31647
9.89 0.142974 1.25236
9.9 0.138586 1.22573
9.91 0.12731 1.13753
9.92 0.1233 1.11178
9.93 0.117495 1.06777
9.94 0.112813 1.03307
9.95 0.10678 0.986973
9.96 0.102599 0.955048
9.97 0.10134 0.95009
9.98 0.0969414 0.915836
9.99 0.0933558 0.886986
10 0.0898994 0.860557
10.01 0.0874562 0.843208
10.02 0.085184 0.825745
10.03 0.0819595 0.800268
10.04 0.0817691 0.802107
10.05 0.0786902 0.777283
10.06 0.0767516 0.762395
10.07 0.074339 0.742008
10.08 0.072888 0.732423
10.09 0.0717693 0.725445
10.1 0.0694638 0.705268
10.11 0.0685124 0.69957
10.12 0.0660451 0.678391
10.13 0.0658327 0.67966
10.14 0.0641734 0.666598
10.15 0.0633994 0.662107
10.16 0.0623179 0.653607
10.17 0.0612507 0.646166
10.18 0.0607917 0.644873
10.19 0.0588139 0.626461
10.2 0.0578806 0.619835
10.21 0.0566961 0.609748
10.22 0.0553204 0.59828
10.23 0.0548148 0.595796
10.24 0.0538917 0.588762
10.25 0.0535912 0.587847
10.26 0.0525735 0.579453
10.27 0.0512048 0.56735
10.28 0.050447 0.561257
10.29 0.0503215 0.562591
10.3 0.0492271 0.552604
10.31 0.0481107 0.542434
10.32 0.0478049 0.541726
10.33 0.0479512 0.546107
10.34 0.0468123 0.535313
10.35 0.046524 0.534539
10.36 0.0456429 0.526386
10.37 0.0454841 0.527008
10.38 0.0441869 0.514042
10.39 0.0445469 0.52047
10.4 0.0438392 0.51449
10.41 0.0424113 0.499755
10.42 0.0423035 0.500746
10.43 0.0418757 0.497614
10.44 0.0413276 0.493322
10.45 0.0405872 0.486516
10.46 0.0411221 0.494742
10.47 0.0404731 0.489063
10.48 0.0404326 0.490247
10.49 0.0401553 0.489052
10.5 0.0390013 0.477133
10.51 0.0385591 0.473527
10.52 0.0389236 0.479802
10.53 0.0382112 0.472719
10.54 0.0376048 0.46699
10.55 0.037657 0.469526
10.56 0.0374917 0.469317
10.57 0.0369203 0.464121
10.58 0.0361236 0.455689
10.59 0.0364905 0.462289
10.6 0.0367768 0.467564
10.61 0.0353591 0.450879
10.62 0.0352367 0.451105
10.63 0.0349734 0.449362
10.64 0.0351122 0.452832
10.65 0.0346677 0.448673
10.66 0.033914 0.440484
10.67 0.0340309 0.443844
10.68 0.0340768 0.445867
10.69 0.0339289 0.445522
10.7 0.0338624 0.446028
10.71 0.0330038 0.436496
10.72 0.0330248 0.438389
10.73 0.0331286 0.441046
10.74 0.0327268 0.437458
10.75 0.0323271 0.433343
10.76 0.0322801 0.434141
10.77 0.0321048 0.433415
10.78 0.0320502 0.434066
10.79 0.0312506 0.424439
10.8 0.0321682 0.43852
10.81 0.0305105 0.417307
10.82 0.031104 0.426825
10.83 0.0307578 0.423476
10.84 0.0310446 0.428672
10.85 0.0304552 0.422023
10.86 0.0303898 0.42244
10.87 0.0303308 0.423256
10.88 0.0297488 0.416382
10.89 0.0302993 0.425363
10.9 0.0296074 0.416885
10.91 0.0299169 0.422369
10.92 0.0285818 0.404868
10.93 0.0291771 0.414807
10.94 0.0294417 0.419886
10.95 0.0291314 0.416738
10.96 0.0291516 0.418126
10.97 0.0287891 0.414215
10.98 0.0282332 0.407542
10.99 0.0284493 0.411885
11 0.0288075 0.418183
