9 0.0145438 0.00353111
9.01 0.0155346 0.00372989
9.02 0.0166067 0.00394375
9.03 0.0177685 0.00417419
9.04 0.0190296 0.00442293
9.05 0.0204009 0.00469192
9.06 0.0218946 0.00498333
9.07 0.0235248 0.00529967
9.08 0.0253075 0.00564379
9.09 0.0272612 0.00601894
9.1 0.029407 0.00642889
9.11 0.0317694 0.00687796
9.12 0.0343771 0.00737117
9.13 0.0372632 0.00791436
9.14 0.0404667 0.00851435
9.15 0.0440333 0.00917917
9.16 0.0480173 0.0099183
9.17 0.0524833 0.010743
9.18 0.0575086 0.0116667
9.19 0.0631863 0.0127055
9.2 0.0696294 0.0138791
9.21 0.0769759 0.0152113
9.22 0.085396 0.0167315
9.23 0.0951011 0.0184761
9.24 0.106356 0.0204908
9.25 0.119498 0.0228331
9.26 0.134957 0.0255769
9.27 0.153293 0.0288178
9.28 0.175242 0.0326813
9.29 0.201786 0.037335
9.3 0.234263 0.0430057
9.31 0.274524 0.0500077
9.32 0.325189 0.0587843
9.33 0.390061 0.0699779
9.34 0.474813 0.0845452
9.35 0.588198 0.103958
9.36 0.744234 0.130572
9.37 0.96641 0.16832
9.38 1.29622 0.22414
9.39 1.81165 0.311039
9.4 2.67004 0.455183
9.41 4.21184 0.713014
9.42 7.1905 1.20885
9.43 12.8332 2.14271
9.44 19.0479 3.15879
9.45 16.291 2.68346
9.46 9.68838 1.58525
9.47 5.6595 0.919926
9.48 3.56424 0.575566
9.49 2.41763 0.387881
9.5 1.73994 0.277364
9.51 1.31101 0.20766
9.52 1.02388 0.161158
9.53 0.822754 0.128693
9.54 0.676566 0.105172
9.55 0.567022 0.0876026
9.56 0.48282 0.0741403
9.57 0.416688 0.0635998
9.58 0.363782 0.055193
9.59 0.320778 0.0483802
9.6 0.285333 0.0427817
9.61 0.255761 0.0381245
9.62 0.230819 0.034208
9.63 0.209579 0.0308824
9.64 0.191334 0.028034
9.65 0.17554 0.0255751
9.66 0.161771 0.0234374
9.67 0.149689 0.0215668
9.68 0.139025 0.0199204
9.69 0.129562 0.0184633
9.7 0.121123 0.0171674
9.71 0.113562 0.0160096
9.72 0.10676 0.0149706
9.73 0.100616 0.0140346
9.74 0.0950466 0.0131883
9.75 0.0899799 0.0124205
9.76 0.0853562 0.0117215
9.77 0.081124 0.0110833
9.78 0.0772392 0.0104991
9.79 0.0736639 0.00996265
9.8 0.0703652 0.00946897
9.81 0.0673144 0.00901352
9.82 0.0644868 0.00859239
9.83 0.0618603 0.00820218
9.84 0.0594159 0.00783987
9.85 0.0571365 0.00750283
9.86 0.0550072 0.00718872
9.87 0.0530147 0.00689547
9.88 0.0511471 0.00662124
9.89 0.0493939 0.00636439
9.9 0.0477455 0.00612346
9.91 0.0461936 0.00589713
9.92 0.0447304 0.00568423
9.93 0.0433491 0.00548369
9.94 0.0420435 0.00529455
9.95 0.0408079 0.00511595
9.96 0.0396372 0.0049471
9.97 0.0385269 0.00478729
9.98 0.0374726 0.00463587
9.99 0.0364704 0.00449225
10 0.035517 0.0043559
10.01 0.034609 0.00422632
10.02 0.0337435 0.00410305
10.03 0.0329177 0.00398569
10.04 0.0321292 0.00387385
10.05 0.0313757 0.00376719
10.06 0.030655 0.00366538
10.07 0.0299651 0.00356813
10.08 0.0293044 0.00347516
10.09 0.028671 0.00338621
10.1 0.0280634 0.00330105
10.11 0.0274801 0.00321947
10.12 0.0269199 0.00314126
10.13 0.0263815 0.00306623
10.14 0.0258636 0.0029942
10.15 0.0253653 0.00292503
10.16 0.0248855 0.00285854
10.17 0.0244232 0.0027946
10.18 0.0239776 0.00273308
10.19 0.0235478 0.00267386
10.2 0.0231331 0.00261681
10.21 0.0227326 0.00256183
10.22 0.0223459 0.00250882
10.23 0.0219721 0.00245768
10.24 0.0216107 0.00240832
10.25 0.0212611 0.00236066
10.26 0.0209228 0.00231462
10.27 0.0205953 0.00227012
10.28 0.0202781 0.0022271
10.29 0.0199707 0.00218548
10.3 0.0196728 0.0021452
10.31 0.0193838 0.00210621
10.32 0.0191035 0.00206845
10.33 0.0188315 0.00203187
10.34 0.0185675 0.00199641
10.35 0.018311 0.00196203
10.36 0.0180619 0.00192868
10.37 0.0178197 0.00189632
10.38 0.0175844 0.00186492
10.39 0.0173555 0.00183443
10.4 0.0171328 0.00180481
10.41 0.0169161 0.00177604
10.42 0.0167052 0.00174808
10.43 0.0164999 0.00172089
10.44 0.0162999 0.00169445
10.45 0.016105 0.00166874
10.46 0.0159151 0.00164372
10.47 0.0157301 0.00161936
10.48 0.0155496 0.00159565
10.49 0.0153736 0.00157256
10.5 0.0152019 0.00155006
10.51 0.0150343 0.00152815
10.52 0.0148708 0.00150679
10.53 0.0147112 0.00148596
10.54 0.0145553 0.00146566
10.55 0.014403 0.00144585
10.56 0.0142542 0.00142653
10.57 0.0141089 0.00140768
10.58 0.0139668 0.00138927
10.59 0.0138279 0.00137131
10.6 0.0136921 0.00135376
10.61 0.0135593 0.00133663
10.62 0.0134293 0.00131989
10.63 0.0133022 0.00130354
10.64 0.0131778 0.00128755
10.65 0.013056 0.00127193
10.66 0.0129368 0.00125665
10.67 0.0128201 0.00124172
10.68 0.0127058 0.00122711
10.69 0.0125938 0.00121281
10.7 0.0124841 0.00119883
10.71 0.0123766 0.00118514
10.72 0.0122712 0.00117175
10.73 0.012168 0.00115863
10.74 0.0120667 0.00114579
10.75 0.0119674 0.00113321
10.76 0.0118701 0.00112089
10.77 0.0117746 0.00110883
10.78 0.0116809 0.001097
10.79 0.011589 0.00108542
10.8 0.0114988 0.00107406
10.81 0.0114103 0.00106293
10.82 0.0113234 0.00105201
10.83 0.0112381 0.00104131
10.84 0.0111544 0.00103081
10.85 0.0110721 0.00102051
10.86 0.0109913 0.00101041
10.87 0.010912 0.0010005
10.88 0.010834 0.000990773
10.89 0.0107574 0.000981227
10.9 0.0106822 0.000971857
10.91 0.0106082 0.000962658
10.92 0.0105355 0.000953627
10.93 0.010464 0.000944758
10.94 0.0103937 0.000936048
10.95 0.0103246 0.000927493
10.96 0.0102567 0.000919088
10.97 0.0101898 0.000910831
10.98 0.0101241 0.000902718
10.99 0.0100594 0.000894744
11 0.0099958 0.000886908
